<?xml version="1.0"?>
<opencv_storage>
<calibration_time>"Sat 25 Sep 2021 09:02:57 PM CST"</calibration_time>
<nr_of_frames>10</nr_of_frames>
<image_width>518</image_width>
<image_height>389</image_height>
<board_width>8</board_width>
<board_height>8</board_height>
<square_size>50.</square_size>
<fix_aspect_ratio>1.</fix_aspect_ratio>
<!-- flags: +fix_aspectRatio +fix_principal_point +zero_tangent_dist +fix_k4 +fix_k5 -->
<flags>6158</flags>
<fisheye_model>0</fisheye_model>
<camera_matrix type_id="opencv-matrix">
  <rows>3</rows>
  <cols>3</cols>
  <dt>d</dt>
  <data>
    6.9167545950172564e+02 0. 2.5850000000000000e+02 0.
    6.9167545950172564e+02 194. 0. 0. 1.</data></camera_matrix>
<distortion_coefficients type_id="opencv-matrix">
  <rows>5</rows>
  <cols>1</cols>
  <dt>d</dt>
  <data>
    -4.9881620825531386e-01 3.6334726108166521e-01 0. 0.
    -2.5575901227715221e+00</data></distortion_coefficients>
<avg_reprojection_error>2.1480464649514605e-01</avg_reprojection_error>
<per_view_reprojection_errors type_id="opencv-matrix">
  <rows>10</rows>
  <cols>1</cols>
  <dt>f</dt>
  <data>
    2.03431919e-01 2.34846562e-01 2.47588426e-01 1.93155363e-01
    2.08805770e-01 1.69276133e-01 2.13079140e-01 2.56715775e-01
    2.21130222e-01 1.83862284e-01</data></per_view_reprojection_errors>
<!-- a set of 6-tuples (rotation vector + translation vector) for each view -->
<extrinsic_parameters type_id="opencv-matrix">
  <rows>10</rows>
  <cols>6</cols>
  <dt>d</dt>
  <data>
    -3.7694909225730669e-02 8.4089491162853802e-02
    2.9435635496939110e-02 -1.6618394711587987e+02
    -2.0501495920142577e+02 9.1609376562301475e+02
    -4.3686673082372833e-02 8.4034710982694633e-02
    2.8807298276573780e-02 -1.6617153880235401e+02
    -2.0267654222487937e+02 9.1822439712032792e+02
    -5.1121256168813640e-02 8.2032771484531641e-02
    2.7165072668469910e-02 -1.6691628041399798e+02
    -1.9695572850643893e+02 9.2302716562904129e+02
    -3.1760979918093443e-02 8.4165353209665589e-02
    3.9993142575380947e-02 -1.5513456941623193e+02
    -2.0900180048058019e+02 9.1116064274281371e+02
    -5.5510670748726475e-02 9.9040472042965275e-02
    5.0997770800506069e-02 -1.3702511657309026e+02
    -1.8021578591871469e+02 9.2231594506283193e+02
    -6.3389368108339908e-02 1.0034693511061855e-01
    5.6063739941292934e-02 -1.3092899659097333e+02
    -1.6694155799922885e+02 9.2668205750758420e+02
    -6.6440940275254920e-02 1.0294801137231327e-01
    3.2373151326536903e-03 -1.6450953984490715e+02
    -1.6807617159950834e+02 9.2680708052797263e+02
    -1.0771201358578000e-01 1.0685063430247781e-01
    -1.1950737660233489e-02 -1.7081176880379860e+02
    -1.2772859760506284e+02 9.5066274575853652e+02
    -3.5376037024756439e-02 1.1125775622048480e-01
    3.4088649718655807e-02 -1.2910326217611615e+02
    -2.1029492917648230e+02 9.1389728061597054e+02
    -4.5458508931155175e-02 1.1639351663753583e-01
    3.1752328746359866e-02 -1.2912574932020482e+02
    -1.9988470206932715e+02 9.1979878193114052e+02</data></extrinsic_parameters>
<image_points type_id="opencv-matrix">
  <rows>10</rows>
  <cols>64</cols>
  <dt>"2f"</dt>
  <data>
    1.37865875e+02 4.54885063e+01 1.72896622e+02 4.43903732e+01
    2.09351944e+02 4.37742195e+01 2.45749222e+02 4.36920547e+01
    2.83410187e+02 4.43519478e+01 3.20524078e+02 4.52278938e+01
    3.57673645e+02 4.64773750e+01 3.94371033e+02 4.83525047e+01
    1.35528564e+02 8.05403061e+01 1.70824982e+02 7.95388031e+01
    2.07389099e+02 7.95951843e+01 2.44447937e+02 7.96725082e+01
    2.82481110e+02 8.04114380e+01 3.20391052e+02 8.13324203e+01
    3.57990631e+02 8.24981689e+01 3.94997162e+02 8.42863541e+01
    1.33389908e+02 1.16388565e+02 1.68829926e+02 1.16293602e+02
    2.05675842e+02 1.16425392e+02 2.43504028e+02 1.16688957e+02
    2.81469452e+02 1.17537712e+02 3.19721161e+02 1.18470848e+02
    3.57747375e+02 1.19599007e+02 3.95312592e+02 1.21257820e+02
    1.31356628e+02 1.53080246e+02 1.67452347e+02 1.53451431e+02
    2.04404602e+02 1.54106705e+02 2.42296066e+02 1.54638107e+02
    2.80551086e+02 1.55543945e+02 3.19200165e+02 1.56543839e+02
    3.57372803e+02 1.57726303e+02 3.95131714e+02 1.59247116e+02
    1.29574905e+02 1.90206497e+02 1.65533585e+02 1.91117264e+02
    2.02890518e+02 1.92032104e+02 2.40742508e+02 1.93184570e+02
    2.79367645e+02 1.94250504e+02 3.18153717e+02 1.95330994e+02
    3.56487762e+02 1.96440933e+02 3.94345245e+02 1.97488770e+02
    1.28504852e+02 2.27517792e+02 1.64548645e+02 2.29107254e+02
    2.01603912e+02 2.30462936e+02 2.39584366e+02 2.31523453e+02
    2.78344604e+02 2.32837967e+02 3.16900360e+02 2.34227097e+02
    3.55440857e+02 2.35261734e+02 3.93246704e+02 2.36198288e+02
    1.27598320e+02 2.64544891e+02 1.63673462e+02 2.66537354e+02
    2.00361221e+02 2.68574371e+02 2.38397614e+02 2.70085632e+02
    2.76981873e+02 2.71523438e+02 3.15537048e+02 2.72559784e+02
    3.53778168e+02 2.73523987e+02 3.91593262e+02 2.74466095e+02
    1.27047585e+02 3.01404297e+02 1.62439682e+02 3.03789307e+02
    1.99300797e+02 3.05994415e+02 2.37394440e+02 3.07859009e+02
    2.75422058e+02 3.09484680e+02 3.13764313e+02 3.10625061e+02
    3.52199799e+02 3.11514984e+02 3.89424622e+02 3.12259064e+02
    1.38045959e+02 4.75587387e+01 1.73030548e+02 4.64059525e+01
    2.09390259e+02 4.57563095e+01 2.45705368e+02 4.56531982e+01
    2.83285400e+02 4.63715897e+01 3.20499542e+02 4.72090874e+01
    3.57527344e+02 4.84417000e+01 3.94292084e+02 5.02843361e+01
    1.35512726e+02 8.26077957e+01 1.71082596e+02 8.14962463e+01
    2.07479904e+02 8.15326691e+01 2.44471786e+02 8.14978867e+01
    2.82440948e+02 8.22444916e+01 3.20335938e+02 8.31168518e+01
    3.57805908e+02 8.43298416e+01 3.94804291e+02 8.57259445e+01
    1.33379807e+02 1.17669998e+02 1.69204132e+02 1.17724922e+02
    2.05790054e+02 1.18122498e+02 2.43501099e+02 1.18535881e+02
    2.81455933e+02 1.19333939e+02 3.19661591e+02 1.20222336e+02
    3.57694214e+02 1.21451134e+02 3.95225250e+02 1.22736473e+02
    1.31553207e+02 1.54600845e+02 1.67430756e+02 1.55214630e+02
    2.04423569e+02 1.55530136e+02 2.42295822e+02 1.56449158e+02
    2.80549988e+02 1.57346817e+02 3.19200714e+02 1.58362610e+02
    3.57382751e+02 1.59447693e+02 3.94961884e+02 1.60514999e+02
    1.29836899e+02 1.91591461e+02 1.65721832e+02 1.92599228e+02
    2.03204941e+02 1.93536453e+02 2.40868103e+02 1.94575653e+02
    2.79381561e+02 1.95604996e+02 3.18120422e+02 1.96739090e+02
    3.56433350e+02 1.97720490e+02 3.94264343e+02 1.99026505e+02
    1.28621140e+02 2.29294037e+02 1.64433121e+02 2.30476364e+02
    2.01845093e+02 2.31930084e+02 2.39658646e+02 2.33404358e+02
    2.78342194e+02 2.34523453e+02 3.16918732e+02 2.35566864e+02
    3.55385620e+02 2.36628006e+02 3.93225006e+02 2.37512283e+02
    1.27663795e+02 2.66468933e+02 1.63443237e+02 2.68327820e+02
    2.00823227e+02 2.70258789e+02 2.38399292e+02 2.71549957e+02
    2.77080353e+02 2.73267120e+02 3.15536682e+02 2.74461853e+02
    3.53731476e+02 2.75406036e+02 3.91534546e+02 2.75893555e+02
    1.27535362e+02 3.03041321e+02 1.63356155e+02 3.05540771e+02
    2.00170288e+02 3.07624084e+02 2.37520615e+02 3.09544586e+02
    2.75467316e+02 3.11276031e+02 3.13742584e+02 3.12459808e+02
    3.52033661e+02 3.13386749e+02 3.89386658e+02 3.13660736e+02
    1.37694122e+02 5.24361649e+01 1.72636856e+02 5.14070549e+01
    2.08553528e+02 5.05708694e+01 2.45582184e+02 5.05155563e+01
    2.82462250e+02 5.08004036e+01 3.19659027e+02 5.15994301e+01
    3.56835266e+02 5.27659645e+01 3.93408386e+02 5.45186310e+01
    1.35480804e+02 8.67016602e+01 1.70550018e+02 8.64981537e+01
    2.07380707e+02 8.64220047e+01 2.44366821e+02 8.63992310e+01
    2.81802460e+02 8.67100220e+01 3.19533051e+02 8.74970779e+01
    3.57293549e+02 8.86495438e+01 3.94076813e+02 9.04047089e+01
    1.33370392e+02 1.22486816e+02 1.68690872e+02 1.22520164e+02
    2.05525528e+02 1.22597481e+02 2.42937973e+02 1.23242058e+02
    2.81130066e+02 1.23616745e+02 3.19261475e+02 1.24562134e+02
